Resultats del fit (Pràctica 7 — Mesura de G)
chi2: 95978.74765592914
chi2_red: 896.9976416441975
dof: 107

Paràmetres (valor ± 1σ)
Pe: 77.85032490356049 +/- 0.08220172433589716
Sl: -34.19900757430151 +/- 0.07771140307699055
alpha: 0.00028995719712435593 +/- 2.580418828563796e-06
T: 491.666341755568 +/- 0.08003464179307455
t_shift: -183.86075790047224 +/- 0.29512172987161556
